"","lat","lng","class"
"1",35.6870501,51.3817602,4
"2",35.8074248,51.4861036,6
"3",35.6915066,51.3981554,5
"4",35.666648,51.3509483,2
"5",35.7756592,51.4020909,7
"6",35.703256,51.4134783,8
"7",35.7362417,51.1912221,6
"8",35.658,51.4763619,5
"9",35.3656031,51.2828204,7
"10",35.7308742,51.3299783,9
"11",35.7774115,51.4569591,4
"12",35.78819,51.4598381,9
"13",35.6130842,51.4330287,4
"14",35.7253495,51.2930557,8
"15",35.7893952,51.5123795,9
"16",35.7001252,51.3446147,5
"17",35.7559596,51.5597026,5
"18",35.6282867,51.3850389,3
"19",35.5834151,51.1075883,1
"20",35.6555996,51.4913579,4
"21",35.7934538,51.4861036,10
"22",35.7740843,51.3273575,8
"23",35.7902459,51.4283333,3
"24",35.7023885,51.4476614,3
"25",35.8167083,51.4354687,6
"26",35.7832789,51.4191473,6
"27",35.6701914,51.4034028,4
"28",35.7390966,51.3915969,9
"29",35.6785199,51.400779,3
"30",35.7078282,51.0227587,1
"31",35.747457,51.5123795,4
"32",35.7951995,51.3914778,9
"33",35.7109293,51.3113741,10
"34",35.709756,51.4217717,7
"35",35.6718044,51.423084,1
"36",35.6538631,51.4320204,4
"37",35.7410524,51.4301556,8
"38",35.6773974,51.4419645,8
"39",35.6765771,51.3771703,2
"40",35.7084631,51.395332,7
"41",35.7677989,51.2710362,6
"42",35.6924316,51.4283333,4
"43",35.7190946,51.4125866,8
"44",35.6289264,51.3987582,3
"45",35.6464977,51.3815881,3
"46",35.7336459,51.868124,1
"47",35.7952267,51.4322706,9
"48",35.7426748,51.5491834,5
"49",35.7393573,51.5317728,7
"50",35.7088596,51.3686763,5
"51",35.7088812,51.4966127,5
"52",35.7238398,51.3666802,9
"53",35.7008494,51.3785666,6
"54",35.762033,51.4185334,9
"55",35.816125,51.4598381,10
"56",35.6988492,51.3883178,6
"57",35.8266484,51.463656,7
"58",35.6954807,51.4050118,4
"59",31.1783097,52.6179443,9
"60",35.7724359,51.307705,8
"61",35.7526818,51.3075436,8
"62",35.6535787,51.3902852,2
"63",35.6131675,51.4283333,2
"64",35.6925926,51.3548809,3
"65",35.689556,51.3640407,4
"66",35.6861362,51.4101403,7
"67",35.3751091,51.2370051,1
"68",35.7318789,51.3234265,9
"69",35.7213124,51.4585251,4
"70",35.7392171,51.5833768,6
"71",35.6891975,51.3889736,3
"72",35.6406916,51.4149648,2
"73",35.6681054,51.2657995,2
"74",35.4023406,51.6386494,1
"75",35.8187216,51.4913579,9
"76",35.7022192,51.3957307,5
"77",35.7392826,51.4521185,6
"78",35.8233292,51.4250525,8
"79",35.6393778,51.4129978,7
"80",35.698382,51.4440838,4
"81",35.7722348,51.4545863,6
"82",35.809591,51.3811045,10
"83",35.7127185,51.360076,8
"84",35.8078244,51.4532734,10
"85",35.7608255,51.2618722,9
"86",35.7670307,51.3915969,10
"87",35.6663635,51.4611511,5
"88",35.6215638,51.442934,3
"89",35.6006423,51.4368644,3
"90",35.4713572,51.0853913,1
"91",35.7306622,51.9104114,2
"92",35.7766044,51.4322706,9
"93",35.806225,51.4152108,5
"94",35.6416697,51.3588138,2
"95",35.7098416,51.5084375,5
"96",35.7124708,51.3981554,8
"97",35.736221,51.3011555,9
"98",35.7201366,51.3577248,8
"99",35.7353546,51.4949258,7
"100",35.7863269,51.3811045,10
"101",35.815829,51.4239469,7
"102",35.694101,51.375768,4
"103",35.6823621,51.4572121,3
"104",35.677159,51.4125866,3
"105",35.721167,51.4339987,7
"106",35.7342254,51.4407626,9
"107",35.8019828,51.5334078,9
"108",35.741944,51.446944,9
"109",35.6578958,51.3037786,2
"110",35.701164,51.3332562,6
"111",35.7622368,51.3144493,10
"112",35.6730004,51.4078074,3
"113",35.4245642,51.7862672,1
"114",35.7458784,51.4757892,8
"115",35.7528145,51.5018679,2
"116",35.5770451,51.4624642,2
"117",35.7485236,51.2906776,7
"118",35.70265,51.1062824,1
"119",35.7141494,51.3719058,9
"120",35.7571615,51.2919873,8
"121",35.7737737,51.2867489,7
"122",35.7117545,51.2725833,7
"123",35.756949,51.2053546,4
"124",35.7088674,51.3270177,7
"125",35.7966929,51.5209215,1
"126",35.7772404,51.3280127,7
"127",35.6560704,51.3122901,1
"128",35.7630435,51.5320934,10
"129",35.710992,51.2592542,2
"130",35.6531467,51.4213452,4
"131",35.6202494,51.400779,1
"132",35.6252067,51.4138987,3
"133",35.7763341,51.317203,7
"134",35.6860774,51.2396222,3
"135",35.5834019,51.4568839,1
"136",35.6111244,51.4962334,2
"137",35.7425269,51.311635,7
"138",35.6319803,51.3732363,3
"139",35.7503104,51.5095359,1
"140",35.7266092,51.1827231,3
"141",35.5717415,51.4545863,1
"142",35.6607842,51.2710362,4
"143",35.5900931,51.4506477,6
"144",35.5826148,51.4447402,1
"145",35.7564144,51.3758589,10
"146",35.7309155,51.1650749,1
"147",35.6888875,51.2374482,NA
"148",35.6658301,51.3246669,3
"149",35.71297,51.2828204,5
"150",35.7381409,51.3660247,4
"151",35.7564144,51.3758589,10
"152",35.8040388,51.5110655,8
"153",35.7873671,51.3378413,9
"154",35.6304539,51.4401459,3
"155",35.7454135,51.3929085,8
"156",35.6493669,51.3391518,2
"157",35.7266071,51.1781472,3
"158",35.6891975,51.3889736,7
"159",35.6957019,51.2618722,4
"160",35.7242507,51.3063951,8
"161",35.748204,51.2592542,7
"162",35.7324986,51.3588138,10
"163",35.6054993,51.4296457,10
"164",35.781556,51.3332544,8
"165",35.6324046,51.4545863,2
"166",35.7610764,51.5222357,6
"167",35.7491996,51.2160717,8
"168",35.7147367,51.3388242,6
"169",35.6706771,51.0227587,1
"170",35.6584351,51.4401459,4
"171",35.6846654,51.4506616,5
"172",35.7724693,51.495299,9
"173",35.6875494,51.4567963,4
"174",35.6938151,51.4073385,4
"175",35.7380148,51.5852715,7
"176",35.722547,51.3417731,7
"177",35.6869677,51.4755961,5
"178",35.7585855,51.4585251,8
"179",35.7067018,51.4153699,6
"180",35.7045767,51.3496375,6
"181",35.7569934,51.2521188,10
"182",35.598436,51.448022,2
"183",35.7419293,51.4368236,8
"184",35.619726,51.3771606,2
"185",35.762512,50.150211,4
"186",35.742474,51.5023103,6
"187",35.6251783,51.423084,2
"188",35.6294896,51.4157849,2
"189",35.7670063,51.3804901,8
"190",35.7265325,51.4758128,5
"191",35.7863156,51.3442732,9
"192",35.6796231,51.4808497,5
"193",35.8030771,51.459925,10
"194",35.6899882,51.311241,10
"195",35.9396485,51.5281501,5
"196",35.633581,51.3974995,2
"197",35.7549861,52.7723553,1
"198",35.4367428,51.5724154,1
"199",35.7297832,51.3915969,9
"200",35.727657,51.4506477,5
"201",35.6891975,51.3889736,5
"202",35.7729224,51.4440838,10
"203",35.7578016,51.5283119,6
"204",35.52529,51.65445,1
"205",35.7915474,51.4440838,9
"206",35.8203263,51.6254851,6
"207",35.7727916,51.4992403,6
"208",35.7648597,51.4782228,5
"209",35.7244631,51.2756365,6
"210",35.735846,51.4687213,6
"211",35.7640046,51.5439245,6
"212",35.7952567,51.4138987,10
"213",35.5402089,51.3155653,9
"214",35.7344665,51.3522164,10
"215",35.6268969,51.5018679,5
"216",35.6249885,51.4782228,2
"217",35.6814723,51.4449444,7
"218",35.5616227,51.2736547,1
"219",35.6094621,51.4401459,3
"220",35.816247,51.465711,8
"221",35.6842281,51.4014531,5
"222",35.67533,51.3339097,2
"223",35.7489455,51.4545863,10
"224",35.6677502,51.4163624,1
"225",35.6987007,51.3375248,5
"226",35.7010765,51.3915281,5
"227",35.6884303,51.3930423,2
"228",35.7115043,51.4074772,5
"229",35.7607609,51.4282686,10
"230",35.7507718,51.5129624,8
"231",35.6452237,51.4020909,3
"232",35.7093445,51.4598318,3
"233",35.6320248,51.3548809,1
"234",35.6944716,51.3792704,2
"235",35.8159219,51.4702212,8
"236",35.7016246,51.4742828,6
"237",35.6423415,51.4716563,2
"238",35.7301196,51.4930202,8
"239",35.7159571,51.4690298,4
"240",35.3252407,51.6471987,1
"241",35.7371903,51.129793,3
"242",35.6891975,51.3889736,1
"243",35.806632,51.4001893,7
"244",35.7623756,51.3915969,10
"245",35.626574,51.4020909,4
"246",35.6657266,51.3187582,2
"247",35.6308774,51.4744885,3
"248",35.6830127,51.414067,4
"249",35.7111923,51.3928729,6
"250",35.7814084,51.4681359,10
"251",35.6811266,51.423084,4
"252",35.4684277,51.7466948,1
"253",35.7417006,51.7808011,1
"254",35.7411421,51.3601248,6
"255",35.5005603,50.9185071,1
"256",35.7929766,51.4343126,10
"257",35.7611134,51.3391518,8
"258",35.6913606,51.4722357,5
"259",35.7317562,51.1840306,4
"260",35.6882559,51.459227,3
"261",35.7338831,51.2096681,6
"262",35.7248252,51.1851656,5
"263",35.797178,51.4558992,10
"264",35.6189132,51.2589615,2
"265",35.8094291,51.4821631,9
"266",35.7490312,51.4666537,9
"267",35.7413275,51.4852512,7
"268",35.6836069,51.4025211,6
"269",35.7523187,51.4342393,10
"270",35.7606233,51.2770405,4
"271",35.7299367,51.2448568,7
"272",35.5942476,51.4539298,3
"273",35.7036229,51.3194958,7
"274",35.730793,51.3850389,9
"275",35.7259022,51.3168754,9
"276",35.693958,51.3339097,7
"277",35.5783052,51.4578774,2
"278",35.7522517,51.4124062,8
"279",35.8204852,51.4375207,5
"280",35.6648847,51.3955319,3
"281",35.7264864,51.3795039,10
"282",35.7308611,51.4033687,10
